group,function,value,throughput_num,throughput_type,sample_measured_value,unit,iteration_count
schedulers,speculative,256-800,1258291200,bytes,4626813611.0,ns,1
schedulers,speculative,256-800,1258291200,bytes,4851092501.0,ns,1
schedulers,speculative,256-800,1258291200,bytes,4685607975.0,ns,1
schedulers,speculative,256-800,1258291200,bytes,4923757140.0,ns,1
schedulers,speculative,256-800,1258291200,bytes,4353412621.0,ns,1
schedulers,speculative,256-800,1258291200,bytes,4754718515.0,ns,1
schedulers,speculative,256-800,1258291200,bytes,4490332780.0,ns,1
schedulers,speculative,256-800,1258291200,bytes,4815008054.0,ns,1
schedulers,speculative,256-800,1258291200,bytes,5242998384.0,ns,1
schedulers,speculative,256-800,1258291200,bytes,4660925328.0,ns,1
